2 0.361000 0.661000 1.052000 0.691000 0.702000 0.621000 
4 0.291000 0.731000 1.122000 0.772000 0.802000 0.641000 
8 0.280000 0.931000 1.172000 0.651000 1.062000 0.681000 
16 0.310000 1.302000 1.382000 0.682000 1.102000 0.682000 
32 0.251000 1.783000 1.793000 0.752000 1.112000 0.792000 
128 0.311000 6.613000 3.336000 1.332000 1.413000 1.393000 
256 0.421000 12.143000 3.416000 2.074000 1.763000 1.823000 
512 0.592000 23.173000 3.507000 3.557000 2.745000 2.796000 
1024 0.982000 45.536000 3.848000 6.923000 3.106000 3.156000 
2048 1.683000 89.618000 4.528000 12.814000 3.867000 3.917000 
4096 3.185000 178.064000 130.825000 24.617000 20.949000 20.989000 
8192 8.316000 361.157000 260.237000 48.190000 40.005000 40.055000 
16384 21.000000 719.178000 526.086000 95.358000 79.048000 79.088000 
